4, 4
9143119630.393574 8506474364.365055 10628898522.182570 6574131726.867882
3785876521.489756 3522261862.313387 4401090545.798316 2722139921.607769
11779323567.293926 10959116582.228695 13693491928.129930 8469628301.413368
7692706122.333027 7157054710.811344 8942789336.743116 5531248132.878624


12, 12
14536908590.254539 11913768089.426647 23937205645.540089 10240302188.638411 23658764948.032833 15924774354.861048 12411642700.634796 17720626364.392807 27511038736.147190 16651030428.930885 26104254362.326359 11341343218.411659
24365499223.321701 17313048667.386864 33037167915.637566 14523842087.526104 33004434324.431377 23718110264.416786 24464343457.929134 26294359403.334332 37580791006.079956 27847354662.893364 30027016087.014912 15712498734.442978
34788874775.196800 13008214766.033508 33924812301.513729 19277198481.554886 36187009749.509270 19584687159.982262 30844730743.440651 31853101043.770519 35607396313.066689 33619913558.713116 32148661489.022156 23815140471.026943
18718766323.195251 12439227229.025934 20888116577.478619 11055073041.969063 24200947308.410019 15319936347.624565 20038962649.307686 18383189004.793213 26164748020.798576 18652353407.450027 22102582220.006653 10974647957.552519
20724794964.849842 5095932842.682689 19582234919.104736 14255342204.010103 18329695232.689816 8969509357.226769 16643042752.331606 14366867179.785131 18044308543.334461 16497230613.217884 16622178138.207756 18955414804.975525
15572799182.687384 11529543693.390713 19584978722.785507 13272373301.239414 17681866662.297417 15691429518.953629 13869572773.875032 13299323678.246466 23371269844.259678 14391521364.729313 20474237094.691261 11038910626.564102
22343947764.215931 17977081031.361740 29213189754.597553 12624723775.371916 31922216353.912781 22864850447.173210 24580711532.487835 25055419750.499947 36221717327.502640 25675071316.572174 29006502951.196831 11746675185.569130
24105346218.229244 15598186286.274355 28702098865.711380 15389153089.692934 26704313743.268375 23022929486.124386 21115033010.665775 25377517735.780670 32738212655.420944 27158064352.471317 27863460218.288158 12679481176.519352
11855739057.235956 14333865270.875725 22844660043.864979 10043969523.592875 23991666091.881500 16742757478.071056 13196324150.045145 14077985673.628490 29155153874.665028 12771361986.957825 25888564032.761036 10032906523.789665
20310517884.556717 13727305011.344181 29122748821.804550 11200234120.075451 26028314222.383766 20818396106.940125 20337648359.914974 22163913032.581036 30253178608.115700 25572433541.525681 20604915894.449322 13461626727.933329
13024458993.093424 11503974391.196844 22756213670.783463 9969998017.924973 17172788568.177309 18160151494.547398 9803893886.165682 15987469364.602833 24084523796.414673 17677121096.971111 19542813912.183678 8494673359.980024
23035764852.058365 10987305333.202099 27612743311.045483 16309178053.393555 25638785012.817329 15823598092.406796 22678582488.848995 16678896132.992187 27852603887.207584 20312789797.873505 20254660692.090153 21731896410.771835


1, 1
36523000957.737434


2, 2
46872008764.958687 46307558766.886414
40104671366.786469 47721653330.025528


13, 13
27275739823.484856 35319953932.336945 29007577304.845009 19216503933.526169 23790715104.495644 28494335407.727699 16111218052.243782 20881269211.071579 27611231347.416809 31998537286.001328 29924498885.336304 35717500620.904068 21585351102.603809
19432580860.752659 27680852885.879520 24345467963.780117 19867440122.465431 27580672955.397236 28217675932.774559 15842438479.648512 14904808306.488766 26746623780.422966 26081110991.087486 21608590052.893890 26455677861.628544 26326724299.549690
33039081393.369030 50762472991.992523 41827767412.934921 30250428355.228123 37510194771.662270 40185159898.297928 26617929025.497829 24076349417.664623 34555300994.449959 41061026863.840317 39596665907.217102 48818867938.993591 30139927791.816757
20847959079.453690 30313063385.456196 25241979820.366699 17107294902.272869 26452047484.954918 29601121326.224110 14445932322.092258 18192745905.202854 24614657906.019257 29684637885.841564 23981623921.283642 31387321258.945766 22706677863.750511
36287756342.083641 50705455167.452736 42693595369.413521 35020341330.492455 43897380147.848969 47090673727.217957 27395959281.168797 28031067841.394722 46465267606.433990 44963049973.206139 35823503327.646164 45493601242.813904 36312935259.767273
32148424739.041245 41751318247.159538 30702680920.815933 21356828215.366325 26962486368.267429 31892444095.158188 16561092191.126141 24074640622.353714 28400029822.723537 38639518449.887405 33789878515.369331 41833548750.746994 24313866640.778179
28827702994.648369 43147359417.547211 37109404050.594765 32758014204.874710 37713163619.235985 36794752450.917198 25999211025.338371 18901458486.673363 37330869778.084854 34396873682.307976 30143525412.580643 36829226496.519218 31821125149.594597
28205957639.510021 48022853447.779861 36717845917.423050 33149735596.650909 43067146709.009003 45232443072.342644 29055662609.354568 21825003544.390800 35609254078.504158 34407156517.210449 32947376800.452888 39781310460.032669 34352968792.951271
20562687610.172783 32014062938.585724 22280761626.630478 22990580427.072281 31637951381.523956 32202869218.775307 17548828133.178783 15644868290.578211 25734828957.886909 26648071876.222755 20807029988.925827 26203192920.930779 28131419878.231323
27528337629.265385 40902263224.400070 33587954136.585041 28671543623.901524 37170227231.910805 40462415133.199631 23259600549.019379 22690781332.602261 37337326108.457443 34340938886.149323 27292407704.451717 34973775668.122879 29008044308.768894
25598839587.614029 43712482713.813721 29682875906.100662 22652504647.217377 34685943471.468719 40379320685.358017 21746626988.378582 22659017373.971390 24592382762.129848 33403882648.957657 32920647281.506824 40625919512.327454 27358756539.381718
22533233830.995422 33155950638.585693 25555554683.352844 17403450173.714050 27759565106.885571 29425197319.048424 13254868627.314775 18538930637.847717 22488426258.782875 34449481656.825195 25189610329.730000 35390068291.317322 23625223823.330772
18928409477.666061 25935566772.361954 24400714060.040768 18556444485.239635 27618082216.417343 28921971500.146019 14488000470.205711 16044316669.132820 28351087731.611851 27291201431.766777 20164090333.313316 26102361464.635960 25769840428.378323


9, 9
15056645619.203197 13692493866.364191 17307142623.695461 17973983573.708607 18271412937.778633 8339759763.041652 15422160001.342108 16779063453.813131 12464870766.865620
16191322073.665680 12536439984.999804 7400579834.073974 11640177232.132908 7632845938.522419 4066699324.376895 10327436720.449753 8904024964.770958 9982532099.480429
5129591075.244824 5015229562.922312 7751595798.670876 6493383230.082851 8011670398.892359 3432607628.788886 5498001613.649107 7047802271.849741 5202254837.221583
11570395259.343813 9503875036.039059 8155085393.168982 9190338128.617592 8282492378.270243 3893032387.774250 8020608194.806227 8480345854.349704 8480384978.579011
22503089246.518570 19056576097.514885 19125972460.009815 15127033503.241165 18494184859.571976 7784669860.255125 13047745736.313148 18154625625.320026 19641492041.659012
13849641472.056730 13343269026.043606 19986394940.372971 15831706774.206486 20385534143.713455 8599145004.494307 13394022818.535219 18048873888.196930 14212812610.540852
15419523264.004242 13377407690.958426 14544914511.028320 14328652133.550068 14880185321.079548 6688399911.250394 12354460348.369343 14210616970.734167 12613905515.625576
22054440176.935360 19208304947.881733 21380539788.248692 17963342103.096680 21247709137.307335 9105893772.033390 15425536902.913197 20208492989.586708 19480445856.617783
12881706498.047033 10668427805.276249 9387304304.008764 12552824756.046928 10022556807.841036 4982718920.737303 10952014396.640419 10115890311.573601 8625208854.496878


1, 1
19608068069.707993


5, 5
29035946270.241867 37022471819.706528 28628252823.020084 14768424572.699371 33082656363.983208
13506954611.783842 22545124932.779598 15192284735.352793 12688856513.934160 13921535418.717503
9558237575.863373 19859535179.118553 16183808534.208958 12656781488.116692 14558766576.396343
13759478250.852028 26395101536.731186 21332042205.820808 13320706435.803677 22492968623.289200
37040146200.600708 43305899860.782463 27552389007.416065 22002357788.142570 36309760676.723175


2, 2
29229636772.603355 17199180599.352486
35622664925.080612 20653385409.514240


9, 9
9634195226.178703 17931575915.359589 19930073197.400967 12087160090.250647 22329071029.202660 20950750134.697662 32886381828.700409 19392257008.072460 24907465006.805336
7631187684.455597 14951194845.767962 15651313759.213938 9237008301.933296 16923110877.750963 15872458554.323338 26794754309.486324 19277979164.321236 18317092580.791191
5569745643.103809 12333160306.941229 9038552169.326244 15058987045.285276 17257407047.159622 18399607836.184700 24523324439.181931 16279616131.366909 21581931522.091740
6345750216.294947 12035003018.489849 10318171483.988441 15247090789.568888 17013518603.816967 21178381726.147415 21759084669.925575 10081657320.004951 21874863676.670971
10732346843.184595 15531455132.987133 19565678320.942226 17575533197.180046 27753928969.172016 23920071417.787636 36312308162.405746 16930935883.436501 31210412117.278229
14459678266.642883 20860486015.320045 23853579956.999352 25317208661.495831 33787173443.847588 34002473683.332443 45365646660.813446 26003319230.106140 37891125396.650063
4422515342.427651 10162322862.315042 7197209115.919321 11734693944.952923 13025428844.122059 14928476008.100828 18858659391.986298 13054560657.661961 16452507941.223892
5908960785.594123 12733394738.432846 10034839199.883663 12193363766.581625 14893279555.062874 15853656301.472012 23733849450.704636 19963693194.384995 17233722391.790283
10154840311.101776 7884497984.264401 15380881339.192022 17383993507.351196 25580265015.232285 18908482166.803177 30264117978.185059 12022684994.627874 26825438013.965939


